utableEntityStorage.mutable.vfurl.index.ms,1712703264223000000,1712703264225000000,0
jps.save.global.entities.ms,1712703264223000000,1712703264225000000,153
jps.library.entities.serializer.save.entities.ms,1712703264223000000,1712703264225000000,0
jps.load.initial.state.ms,1712703264223000000,1712703264225000000,10
workspaceModel.global.updates.ms,1712703264223000000,1712703264225000000,92
ReadAction.executionsCount,1712703264223000000,1712703264225000000,0
FlushQueue.waitingTime90PNs,1712703264223000000,1712703264225000000,0
FlushQueue.executionTime90PNs,1712703264223000000,1712703264225000000,0
AWTEventQueue.eventsDispatched,1712703264223000000,1712703264225000000,0
FlushQueue.executionTimeAvgNs,1712703264223000000,1712703264225000000,0.0
AWTEventQueue.dispatchTimeAvgNs,1712703264223000000,1712703264225000000,0.0
AWTEventQueue.dispatchTimeMaxNs,1712703264223000000,1712703264225000000,0
FlushQueue.waitingTimeAvgNs,1712703264223000000,1712703264225000000,0.0
FlushQueue.tasksExecuted,1712703264223000000,1712703264225000000,0
FlushQueue.waitingTimeMaxNs,1712703264223000000,1712703264225000000,0
WriteAction.executionsCount,1712703264223000000,1712703264225000000,0
FlushQueue.executionTimeMaxNs,1712703264223000000,1712703264225000000,0
FlushQueue.queueSizeAvg,1712703264223000000,1712703264225000000,0.0
FlushQueue.queueSize90P,1712703264223000000,1712703264225000000,0
AWTEventQueue.dispatchTime90PNs,1712703264223000000,1712703264225000000,0
FlushQueue.queueSizeMax,1712703264223000000,1712703264225000000,0
FilePageCacheLockFree.totalPagesReadMs,1712703264223000000,1712703264225000000,0
FilePageCache.maxRegisteredFiles,1712703264223000000,1712703264225000000,510
FilePageCacheLockFree.totalPagesReclaimed,1712703264223000000,1712703264225000000,0
StreamlinedBlobStorage.totalLiveRecordsCapacityBytes,1712703264223000000,1712703264225000000,0
MappedFileStorage.totalTimeSpentOnMappingUs,1712703264223000000,1712703264225000000,1225
DirectByteBufferAllocator.hits,1712703264223000000,1712703264225000000,0
FilePageCache.maxCacheSizeInBytes,1712703264223000000,1712703264225000000,197246976
FilePageCacheLockFree.totalBytesWritten,1712703264223000000,1712703264225000000,0
FilePageCacheLockFree.totalNativeBytesAllocated,1712703264223000000,1712703264225000000,0
FilePageCacheLockFree.housekeeperTurnsSkipped,1712703264223000000,1712703264225000000,1
FilePageCache.disposedBuffers,1712703264223000000,1712703264225000000,0
MappedFileStorage.totalPagesMapped,1712703264223000000,1712703264225000000,6
StreamlinedBlobStorage.totalLiveRecordsPayloadBytes,1712703264223000000,1712703264225000000,0
FilePageCacheLockFree.totalPagesRequestsMs,1712703264223000000,1712703264225000000,0
StorageLockContext.competingThreads.avg,1712703264223000000,1712703264225000000,0.0
StreamlinedBlobStorage.recordsRelocated,1712703264223000000,1712703264225000000,0
DirectByteBufferAllocator.totalSizeOfBuffersCachedInBytes,1712703264223000000,1712703264225000000,0
FilePageCacheLockFree.nativeBytesInUse,1712703264223000000,1712703264225000000,106389504
FilePageCache.uncachedFileAccess,1712703264223000000,1712703264225000000,0
DirectByteBufferAllocator.disposed,1712703264223000000,1712703264225000000,0
FilePageCacheLockFree.totalPageAllocationsWaited,1712703264223000000,1712703264225000000,0
FilePageCacheLockFree.totalPagesAllocated,1712703264223000000,1712703264225000000,0
DirectByteBufferAllocator.totalSizeOfBuffersAllocatedInBytes,1712703264223000000,1712703264225000000,303636480
FilePageCache.capacityInBytes,1712703264223000000,1712703264225000000,503316478
FilePageCacheLockFree.totalPagesHandedOver,1712703264223000000,1712703264225000000,0
FilePageCache.totalPageDisposalsUs,1712703264223000000,1712703264225000000,0
MappedFileStorage.storages,1712703264223000000,1712703264225000000,6
FilePageCache.pageFastCacheHits,1712703264223000000,1712703264225000000,0
FilePageCacheLockFree.totalPagesWriteMs,1712703264223000000,1712703264225000000,0
FilePageCacheLockFree.totalBytesRead,1712703264223000000,1712703264225000000,0
FileChannelInterruptsRetryer.totalRetriedAttempts,1712703264223000000,1712703264225000000,0
DirectByteBufferAllocator.misses,1712703264223000000,1712703264225000000,0
FilePageCacheLockFree.totalNativeBytesReclaimed,1712703264223000000,1712703264225000000,0
StreamlinedBlobStorage.recordsAllocated,1712703264223000000,1712703264225000000,0
FilePage